1111111111111111111111111111111111111111111111111111111111110000000000000000000000000000000000000000
0000000000000000011111111111111111111111111111111111111111111111111111111111111000000000000000000000
0000000000000000000000000000000000000000000111111111111111111111111111111111111111000000000000000000
0000000000000000000000000000000000000000000000000000000000000000000000000000000000000000000000000000
0000000000000000000000000000000000000000000000000000000000000000000000000000000000000000000000000000
0000000000000000000000000000000000000000000000000000000000000000001111111111111111111111111111100000
0000000000000000000000000000000000000000000000011111111111111111111111111111000000000000000000000000
0000000000000000000000000000000000000000000000000000000000000000000000000000000000000000000000000000
0000000000000000000000000000000001111111111111111111111111111111111111111111111111111111110000000000
0000000000000000000000000000000000000000000000000000000000000000000000000111111111111111111111111111
1111111111111111111111111111111111111111111111111111111111111111111111111111111111111111111111110000
0000000000000000000000000000000000000000000000000000000000000000000000000000000000000000000000000000
0000000000000000000000000000000000000000000000000000000000000000000000000000000000000000000000000000
0111000000000000000000000000000000000000000000000000000000000000000000000000000000000000000000000000
0000011111111111111111111111110000000000000000000000000000000000000000000000000000001111111111111111
1111111111111111111111111111111111111111111111111111111111111110111111111111111111111111111111111111
1111111111111111111111111111111111111111111111111111111111111111111111111111111111111111111111111111
1111111111111111111111111111111000000000000000000000000111111111111111111111111111111000000000000000
0000000000000000000000000000000000000000000000000000000000000111111111111111111111111111111111111111
1111111111111111111110000000000000000000000000000111111111111111111111111111111111111111111111111111
1111111111111111111111111111111111111100000000000000000000000000000000111111111111111111111111111111
1111111111111111111111111111111111111111111111111111111111111111111111111111111111111111111111111111
1111111111111111111111111111111111111111111111111111111111111111111111111111111111111111111111111111
1111111111111111111111111111111111111111100000111111111111111111111111111111111111111111111111111111
1111111111111111111111111111111111111111111111111111111111111111111111000000000000111111111111111111
1111111111111111111111111111111111111111111111111111111111111111111111111111111111111111111111111111
1111111111110000000000000000000000000000000000000000000000000000000000000000000000000000000000000000
0000000000000000000000000000000000000000000000000011111111111111111111111111111111111111111111000000
0000000000000000000000000000000000000000000000000000000000000000000000000000000000000000000000000000
0000000000000000000000000000000011111111111111111111111111111111111111110000111111111110000000000000
0000000000000000000000000000000000000000000000000000000000000001100000011111111111111111000000000000
0000000000000000000000000000000000000000000000000000000000000000000000000000000000000000000000000000
0000000000001111111111111111111111100000000000000000000000000000000011111111111111111111111111111111
1111111111111111111111111111111111111111111100000000000000000000000000000000011110000000000001111000
0000000000000000000000111111111100111111111111111111111111111111111111111111111111111111111111111111
1111111111111111111111111111111111111111111111111111110000000000000000000000001111111111111111111111
1111100000000000000000000000000000000000000000000000000000000000000000000000000000000000000000000000
0000000000011111111111111111111111111111111111111111111111111111111111111111111111111111111111111111
1111111111111111111111111111111111111111111111111111100000000000000000000000000000011111111111111111
1111111111111111110011111111110000111111111111111111111111111111111100000000000000000000000000000000
0000000000000000000000000000000111111111111111111111111111111111111111000000000000000000000000000000
0001111111111111111111111100000001111111111111111111111111111111111111111111111111111111111011111111
1111111111111111111111111111111111111111111111111111111111111111111111111111111111111111111111111111
1000000000000000000000000000000011100000000000000111111111111111111111111111111111111111111111111111
1111111111111111111111111111111111111111111111111111000000000000000000000000000000000000000000000000
0000000000000000000000000000000000000000000000111111111111111111111111111111111111111111111111111111
1111111111111111111100000000000001111111111111111111111111111111111100000000000000000000000000000011
1111111111111111111111111111111111111111111111111111111111000000000000000001111111111111111111111111
1111111111111111111111111111111111111111111111111111111111111100000000000000000000000000000000000000
0000000000000000000000000001111111111111111111111111111111111111111111111111111111111111111111111000
0000011111111111111111111111111111111111111111111111111111111111111111111111111111100000000001111111
1111111111111111111111111111111111111111100000000000000000000000000000000000000000000000000000000000
0000001111000000000000000000000000000000000000000000000000000000000000000000000000000000000000000000
0000000000000000000000000000000000000000000000000111111111111111111111111111111111111111111111111111
1000000000000000111111111111111111111111111111111111111111111111111111111111111111111111111111111111
1111111110000000000000000000000000000000000000000000000000000000000000000000000000001111111111111111
1111111111111111111111111111111111111111111111111111111111111111111111111111111111111111111111111111
1111110000000000000000000000000000000000000000000000111111111111111111111111111111111111111111111111
1111111111111111111111111111111111111111111111111111111111111111111111111111110000000000000011111111
1111111111111111111111111111111111111111111111100000000000000000000000000000000000000111111111111111
1110000000000000000000000000000000000000011111111111111111111111111111111111111111111111111111111111
1111111111111111111111111111111111111111111111111111111111111111111111111111111110000000000000000000
0000000111111111111111111111111111111111111000000000000000000000000000000000000000111111111111111111
1111111111110000000000000000000000000000111111111111111111111111000000000000111111111111111111111111
1111111111111111110000000000000000000000000000111111111111111111111110000000000000000000000000000000
0000000000000000000000000000000000000000000000000000000011111111110000000000000000000000000000000000
0000000000000000000000000000000000010000000000000000000000000000000000000000000000000000000000000000
0000000000000000000000000000000000000000000000000000000000000000000000000000000000000000000000000000
0000000000000000000000000000000000000000000000000000000000000001111111111111111111111111111111111111
1111111111111111111000000000000000000000000000000000000000000000000000000000000000000000000000000000
0000000000000000000000000000000000000000000000000000000000000000000000000000000000000000000000000000
0000000000000000000011111111111111111111111111111111111111111111111111111111111111111111111111111111
1000000000000000000000001111111111111111111111111111111111111111111111111111111111111111111111111111
1111111111111111111111111111111111111111111111111111111111100000000000000000000000000000000000000000
0000000000000000000000000000000000000000000000000000000000000000000000000000000000000000000000000000
0000000000000000000000000000000000000000000000000000000000001111111111110000000000000000000000001111
1111100000000000000000000000000000000000000000000000000000000000000111111111111111000000000000000000
0000000000000000001111111111111111111111111111111111111111111111111111111111111111111111111111111111
1111111111111111111111111111111111111111111111111111111111111111111111111111111111111111111000000000
0000000000000000000000000000000000000000111111111111111111111111111111111111111111111111111111111111
1111111111111111111111111111111110000000000000000000000000000000000000011111111111111111111111111111
1111111111111111111111111111111111111111111111111111111111111111111100000000000000000000000000000000
0000111111000000000000000000000000000000000000000000000000000000000000000000000000000000000011110111
1111111111111111111111111111111111111111111111111111111111111110000000000000000000000000001111111111
1111111111111111000000000000000000000000000000000000000000000000000000000000000000000000000000000000
0000111111111111111111111111111111111111111111111100000000000000000000000000000000000000000000000000
0000000000000000000000000000000000000111111111111111111111111111111111111111110000111111111000000000
0000000111110000000000000000011111111111111111111111111111111111111111111111111111111111111111111111
1111111111111111111111111111111111111111111111111111111111111111111111111111111111110000000000000000
0000000000000000000000000000000000000000000000000000000111111111111111111111111111111111111000000000
0000000000000000000000000000000000000000000000000000000000000000000000000000000000111111111111111111
1111111111111111111111111100000000000000000000000000000000000000000000000000000000000000000000000000
0000000000000000000000000000000000000000000000000000000000000000000001111111111111111111111111111100
0000000000000000000000000000000000000000001111111111110000000001111111111111111111111111111111111111
1111111111111111111111111111111111111111111111111111111111111111000000000000000000000000011111111111
1111111111111111111111111111111111111111111111111111111110000000000000000000011111111110000000000000
0000000000000000000000000000001111111111111111111111111111111111111111111111111111111111111111111111
1111100000000000000000000000000000000000000000000000000000000000000000000000000000000000000000000000
0000000000000000000000000000000000000000000000000000000000000000000000000000000000000000000000000000
0000001111111111111111111111100000000000000000000000000000000000000000000000000000000000000000001111