0000000000111111111111111111111111111111111000000000000011111111111111111111111111111111111111110000
0000000000000000000000000000000000111100000000000000000000000000000000000000000000000000000000000000
0000000000000000000000000000011111111110000000000000000000000001111111111111000000000000000000000000
0000000000000000000000000000000000000000000000000000000000000000000000000000000000000000000000000000
0000111111111111111111111111111111111111111111111111111111111111111111111111111111111111111111111111
1111111111111111111111111100000000000000000000000000000000000000000000000000000000000111111111111111
1111111111111111111111111111100000000000000000000000000000000000000000000000000000000000000000000000
0000000000000000000000000000000000000000000000000000000000000000000000000000000000000000000000000000
0000000000000000000000000000000000000000000000000000000000000000000000000000000000000000000000000000
0000000000000000000000000000000000000000000000000000000000000011111111111111111100000000000000000000
0000000000000000000000000000000000000000000000000000000000000000000000000000001111111111111111111111
1111111111111111111111111111111111111111111111111111111110000000000011111111111111111111110011111111
1111111111000000000000000001111111111111111111111111000000000000000000000000000000000000000000000000
0000000000000000000000000000000000000000000000000000000000000000000000000000000000000000000000000000
0000000000000000000000000000000000000000000000000000000000000000000000000000000000001111111000000000
0000000000000000000000000000000000000000000000000000000000000000000000000000000000000000011111111111
1111111111111111111111111111110000000000000000000000000000000000000000011111111111111111111111111111
1111111111111111111111111111111111111111111111111111111111111111111111111111111111111111111111111111
1111111111111111111000000000000000000000000000000000000000000000000000000000000000000000000000000000
0000000000000000001111111111111111111111111111111111111111111111111111111111111111111111111111111111
1111111111111111111111111111111111111111111111111111111111111111111111111111111111111111111111111111
1111100000000000000000000000000000000000000000000000000000000000000000000000000000000000000000000000
0000000000000000000000000000000000000000000000000000000000000000000000000000000000000000000000000000
0000000000000000000000000000000000000000000000000000000000000000000000000000000000000000000011111111
1111111111000000000000000000000000000000000000000001111111111000000011111111111111111111111000000001
1111111110000000000000000000000000000000000000000000000000000000011111111111111111110000000000000000
0000000000000000011111110000000001111111111111111111100000000000000000011111111111111111111111111111
1111111111111111111111111111111111111111111111111111111111111111111111111111111111111111111111111111
1111111110000000000000001111111111111111111111111111111111111111111111111100000000000000000000000000
0000000000000000000111111111111111111111111111111111111111111110000000000000000000000000000000000000
0000000000000000000000000000000000000000000000000000000000000000000000000011111111111111100000000000
0000000000000000000000000000000000000000000000000000000000000000000000000000000001111111111111111111
1111111111111111111111111111111111100000000000000000000000011111111111111111111111110000000000000000
0000000000000000000000000001111111111111111111111111111111110000000000000000000000000000000000000000
0000000000000000000000000000000000000000000000000000000000000000000000000000000000000000000000000000
0000000000000000000000000000000000000000000000000000000000000000000000000000000000000000000000000000
0000000000000000000000000000000000000000000000000000000000000000000000000000000000000000000000000000
0000000000000000000000000000001111111111111111111111110000000000000001111111111111111111111111111111
1111111100000000000000000000000000000000000000000000000000000000000000000000000000000000000000000000
0000000000000000000000000000000000000000000001111111111111111111111111111111111111111111111111111111
1111111111111111111111111111110000000000111111111111111111111111111111111111111111111111111111111111
1111111111111100000000000000000111111111111111111111111111111111111111111111111111111111111111111111
1111111111111111111111111111111111111111111011111111111111111110000000000000000000000000000000000000
0000000000000000000000000000000000000000000000000000000000000000000000000000000000000000000000000000
0000000000000000000000000000000000000000000000000000000000000000011111111111111111111111111111111111
1110000000000000000111111111111100000000011111111111111111111111111111110000000000000000000000000000
0000000000000000000000001111111111111111111111111111111111111111111111111111111111111111000000000000
0000000000000000000000000000000000000000000000000000000000000000000000000011111111000000000011111111
1111111111111111111111111110000000011111111111000000000000000000000000000000000000000000000000000000
0000000000011111111001110000000000000000111111000001111111111100000001110000011111111111111111111111
1111111110000000000001111111111111111111111111111111111111111111111111111111111111111111111111111111
1111111111111111111111111111111111110000000000000000000000000000011111111111111111111111000000000000
1111111111111111111111111111111111111111111111111111000000000000000000000000000000000000000000000000
0000000000000000111111111111111111111111111111111111111111111111111111111111111111111111111111111111
1111111111111100000000000000000111111111111111000000000000000000000000000011111111111111111111111111
1111111111111111111111111111111111111111111111111111111111111100000000000000000000000000000000000000
0000000000000000000000000000000000000000000000000000000000000000000000000000000000000000000000000000
0000000000000000000000000000000000000000000000000000000000000000000000000000000000000000000000000000
0000000000000000000000000000000000000000000000000000000000000000000000000000000000000000000000000000
0000001111111111111111111111111111111111111111111111111111111111111111110000000000011111111111111111
1111111111111111111111111111111111111111111111111111111111111111111111111111111111111111111111111111
1111111111111111000001111111000000000000000000000111111111100000000000000000000000000000000000000000
0000000000000000000000000000000000000000000000000000000000000011111111111111111111111111111111111111
1111111111111111111111111111111111111111111111111111111111111111111111111111111111111111111111111111
1111111111111111111111110000000000000000011111111111111111111100000000000000000000000000011111111111
1111111111100000000000000000000000000000000000000000000000000000000000000000000000000000000000011111
1111111111111100000000000000000000000000000000000000000000000000001111111111111111111111111111111111
1111111111111111111111111111111000000011111111111111111000000000000000000000000000000000000000000001
1111111111111111111111111111100000000000000000000000000000000000000000000000000001111111111111111111
1111111111111111111111100000000000000000000000000000000111100000000000000000110000000000000000000000
0000000011111111111111111111111111111111000000000000000000000000000000000000000000000000000000000000
0000000000011111111111111111111111111111110000000000000000000000000000000000001111111111111111111111
1111111111111111111111110000000000000000000000000000000000000000000000000000000000000000000000000000
0000000000000000000000000000000000111111111111111111111111111111111111111111111111111111111111111111
1111111111111111111111111100000000000000011111100000000000000000000000000011111111111111111111111111
1111111111111111111111111111111111111111111111111111111111011111110000000000000000000000000000000000
0000000000000000000000000000000000000000000000000000001111111111111111111111111111111100000000000000
0000000000000000011111111111111111111111111111111111111111111111111111111111111111111111111111111111
1111111111111111111111111111111111111111111111111111111111110000000000000000000000000000000000000000
0000000000000000000000000001111111111111111111111111111111111111111111111111111111111111111111111111
1111111111111111111111111111111111111111111111111111111111111111111111111111111111111111110000000000
0000000000000000000000000000000000000000000000000000000000000111111111111111111111111111111111111111
1111111111111111111111111111111111111111111111111111111111111111111111111111111111111111111111111110
0000000000000000000000000000000000000000000000000000000000000011111111111111111111111111000000000000
0000000000000000000000000000000000000000000000000000000000000000000000000000000000000000000000000000
0000000000000000000000000000000000000000000000000000000000000000000000000000000000000000000011111111
1111111111111111111111111100000001111111111111111111111111111111111111111111111111111111111111111111
1111111111111100000000000000000000000000000000000000000000000000000000000000000000000000000000000000
0000000000000000000000000000111111111111111111111111111111111111111111111111111111111111111111111111
1111111111111111111111111111111111111111111111111111110000000000000000000000000000000000000000000000
0000000000000000000000000000000000000000000000000000000000000000000000000000000000000000000000000000
0000000000000000000000000000000000000000000000011111111111111111111111111011111111111111111111111111
1111111111111111111111111111100000000000000000000000000000000011111111111111111110000000000000000000
0000000000000000000000000011110111111111111111111111111111100000000000000000000000000000000000000000
0000011111111111111111111111111111111111111111111111111111111111111111111111111111111111111111111111
1111111111111111111111111111111111111111111111111111111111111111111111111111111111111111111111111111
1111111111111111111100000000000000000000011111110000011111110000000000000000000000000000001111111111
1111111111111111111111111111111111111111111111111111111111110000000000000000000000000000000000000000
0000000000000000001111111111111111111111111111111111111111111111111111111111111111111111100000000000
0000000000011111110000000000000000001100000000000000000000000001111111111111111111111111111111100000